# Created by Octave 8.4.0, Wed Jun 18 10:41:09 2025 -03 <ricardo@my-friend>
# name: aeroportos
# type: scalar struct
# ndims: 2
 1 1
# length: 8
# name: SBKP
# type: scalar struct
# ndims: 2
 1 1
# length: 2
# name: elevacao_ft
# type: scalar
2171


# name: pistas
# type: matrix
# rows: 2
# columns: 2
 15 3263
 33 3263




# name: SBGR
# type: scalar struct
# ndims: 2
 1 1
# length: 2
# name: elevacao_ft
# type: scalar
2470


# name: pistas
# type: matrix
# rows: 4
# columns: 2
 9 3700
 27 3700
 10 3000
 28 3000




# name: ESSA
# type: scalar struct
# ndims: 2
 1 1
# length: 2
# name: elevacao_ft
# type: scalar
237


# name: pistas
# type: matrix
# rows: 2
# columns: 2
 11 2800
 29 2800




# name: SBTP
# type: scalar struct
# ndims: 2
 1 1
# length: 2
# name: elevacao_ft
# type: scalar
771


# name: pistas
# type: matrix
# rows: 2
# columns: 2
 13 3300
 31 3300




# name: SBBR
# type: scalar struct
# ndims: 2
 1 1
# length: 2
# name: elevacao_ft
# type: scalar
3497


# name: pistas
# type: matrix
# rows: 2
# columns: 2
 11 3300
 29 3300




# name: SBEG
# type: scalar struct
# ndims: 2
 1 1
# length: 2
# name: elevacao_ft
# type: scalar
262


# name: pistas
# type: matrix
# rows: 2
# columns: 2
 10 2700
 28 2700




# name: SBBE
# type: scalar struct
# ndims: 2
 1 1
# length: 2
# name: elevacao_ft
# type: scalar
43


# name: pistas
# type: matrix
# rows: 2
# columns: 2
 6 2530
 24 2530




# name: SBCF
# type: scalar struct
# ndims: 2
 1 1
# length: 2
# name: elevacao_ft
# type: scalar
2736


# name: pistas
# type: matrix
# rows: 2
# columns: 2
 16 3000
 34 3000






